v1,180,378,0.0,prepr_label_def,50.0,11,-1,-1,label,0,
v1,455,109,0.0,prepr_db,50.0,-1,-1,-1,db,0,
v1,513,131,2.8577986,arg_text,25.0,1,-1,-1,"helloworld.txt",1,
v1,515,85,-2.8104966,arg_tag_10,33.83785,1,-1,-1,tag10,0,
v1,748,72,0.0,prepr_global,50.0,-1,-1,-1,global,0,
v1,746,133,0.0,prepr_extern,50.0,-1,-1,-1,extern,0,
v1,820,77,-3.0828369,arg_text,34.058773,4,-1,-1,main,0,
v1,815,141,-3.0860941,arg_text,36.05551,5,-1,-1,writeFile,0,
v1,175,286,1.3339475,arg_text,29.832869,0,-1,-1,main,0,
v1,314,334,0.0,instr_mov,50.0,12,-1,11,mov,0,
v1,951,400,0.0,instr_pop,50.0,14,-1,13,pop,0,
v1,248,435,0.0,instr_push,50.0,9,-1,0,push,0,
v1,367,429,0.0,instr_sub,50.0,28,-1,9,sub,0,
v1,893,310,0.0,instr_mov,50.0,10,-1,27,mov,0,
v1,1025,316,0.0,instr_ret,50.0,-1,-1,10,ret,0,
v1,221,507,0.0,arg_reg_rbp,50.0,11,-1,-1,rbp,0,
v1,277,260,0.0,arg_reg_rbp,50.0,9,-1,-1,rbp,0,
v1,363,260,0.0,arg_reg_rsp,50.0,9,-1,-1,rsp,1,
v1,337,499,0.0,arg_reg_rsp,50.0,12,-1,-1,rsp,0,
v1,401,516,0.0,arg_num,50.0,12,-1,-1,160,1,
v1,860,232,0.63274884,arg_reg_rsp,18.601076,13,-1,-1,rsp,0,
v1,928,252,1.9157985,arg_reg_rbp,68.007355,13,-1,-1,rbp,1,
v1,946,473,0.0,arg_reg_rbp,50.0,10,-1,-1,rbp,0,
v1,682,476,0.0,arg_reg_rax,50.0,29,-1,-1,rax,1,
v1,951,73,0.0,prepr_extern,50.0,-1,-1,-1,extern,0,
v1,1039,72,3.1082716,arg_text,30.016663,24,-1,-1,GetStdHandle,0,
v1,565,371,0.0,instr_call,50.0,29,-1,28,call,0,
v1,803,380,0.0,instr_call,50.0,13,-1,35,call,0,
v1,487,369,0.0,instr_mov,50.0,26,-1,12,mov,0,
v1,651,373,0.0,instr_mov,50.0,35,-1,26,mov,0,
v1,613,453,0.0,arg_reg_rcx,50.0,29,-1,-1,rcx,0,
v1,805,467,-1.0164888,arg_text,24.698177,27,-1,-1,WriteFile,0,
v1,534,452,-0.7309067,arg_text,38.948685,26,-1,-1,GetStdHandle,0,
v1,543,287,1.929567,arg_num,34.176014,28,-1,-1,-11,1,
v1,472,281,0.0,arg_reg_rcx,50.0,28,-1,-1,rcx,0,
v1,730,378,0.0,instr_mov,50.0,27,-1,29,mov,0,
v1,691,279,0.0,arg_reg_rdx,50.0,35,-1,-1,rdx,0,
v1,777,297,1.8438051,arg_tag_10,25.96151,35,-1,-1,tag10,1,
